2 0.16084329375 0.46964075781250003 0.16084329375 0.5389604265625 0.220306571875 0.5389604265625 0.220306571875 0.46964075781250003 0.16084329375 0.46964075781250003
2 0.0370426984375 0.4783057171875 0.0370426984375 0.5562903453125 0.10138001562500001 0.5562903453125 0.10138001562500001 0.4783057171875 0.0370426984375 0.4783057171875
2 0.193011953125 0.4783057171875 0.193011953125 0.549358378125 0.27099658125000003 0.549358378125 0.27099658125000003 0.4783057171875 0.193011953125 0.4783057171875
2 0 0.559756328125 0.0409419296875 0.559756328125 0.0409419296875 0.46790776718749993 0 0.46790776718749993 0 0.559756328125
5 0.5078748875 0.49216965 0.5078748875 0.53029546875 0.518597775 0.53029546875 0.518597775 0.49216965 0.5078748875 0.49216965
3 0.5069000781249999 0.50949956875 0.5069000781249999 0.5389604265625 0.518597775 0.5389604265625 0.518597775 0.50949956875 0.5069000781249999 0.50949956875
2 0.5341947 0.49563563125 0.5341947 0.5458923921875 0.5634389343749999 0.5458923921875 0.5634389343749999 0.49563563125 0.5341947 0.49563563125
2 0.551741240625 0.50603358125 0.551741240625 0.542426409375 0.5731870140625 0.542426409375 0.5731870140625 0.50603358125 0.551741240625 0.50603358125
2 0.5683129734375 0.5077665765625 0.5683129734375 0.5562903453125 0.5946327859375 0.5562903453125 0.5946327859375 0.5077665765625 0.5683129734375 0.5077665765625
2 0.5848847078125 0.5025676 0.5848847078125 0.5684212859375 0.631675484375 0.5684212859375 0.631675484375 0.5025676 0.5848847078125 0.5025676
2 0.6151037515625 0.497368625 0.6151037515625 0.5909501796875001 0.7077104953125 0.5909501796875001 0.7077104953125 0.497368625 0.6151037515625 0.497368625
2 0.68723953125 0.521630509375 0.68723953125 0.6273430046875 0.749627234375 0.6273430046875 0.749627234375 0.521630509375 0.68723953125 0.521630509375
2 0.731105884375 0.4661747734375 0.731105884375 0.672400790625 0.94653841875 0.672400790625 0.94653841875 0.4661747734375 0.731105884375 0.4661747734375
2 0.9406895703125 0.5770862453125 0.9406895703125 0.736521484375 0.9991780421875 0.736521484375 0.9991780421875 0.5770862453125 0.9406895703125 0.5770862453125
2 0.43086506875 0.4939026421875 0.43086506875 0.511232559375 0.441587953125 0.511232559375 0.441587953125 0.4939026421875 0.43086506875 0.4939026421875
2 0.448411609375 0.4887036671875 0.448411609375 0.5129655515625 0.45815968749999997 0.5129655515625 0.45815968749999997 0.4887036671875 0.448411609375 0.4887036671875
2 0.4542604578125 0.49563563125 0.4542604578125 0.5250964921875 0.4669329578125 0.5250964921875 0.4669329578125 0.49563563125 0.4542604578125 0.49563563125
2 0.46595814999999996 0.4887036671875 0.46595814999999996 0.53549444375 0.4971520015625 0.53549444375 0.4971520015625 0.4887036671875 0.46595814999999996 0.4887036671875
2 0.40454525625000004 0.4939026421875 0.40454525625000004 0.511232559375 0.41819256562499996 0.511232559375 0.41819256562499996 0.4939026421875 0.40454525625000004 0.4939026421875
2 0.3918727546875 0.49563563125 0.3918727546875 0.5146985421875 0.40454525625000004 0.5146985421875 0.40454525625000004 0.49563563125 0.3918727546875 0.49563563125
2 0.3538552484375 0.49043665625 0.3538552484375 0.5181645265625 0.37432621250000003 0.5181645265625 0.37432621250000003 0.49043665625 0.3538552484375 0.49043665625