2 0.36933548437499997 0.3811690359375 0.36933548437499997 0.3986366859375 0.3812665125 0.3986366859375 0.3812665125 0.3811690359375 0.36933548437499997 0.3811690359375
2 0.391793890625 0.37742596875 0.391793890625 0.39988437499999996 0.4100413453125 0.39988437499999996 0.4100413453125 0.37742596875 0.391793890625 0.37742596875
2 0.4170595953125 0.38366441562500003 0.4170595953125 0.3998843703125 0.4275869734375 0.3998843703125 0.4275869734375 0.38366441562500003 0.4170595953125 0.38366441562500003
2 0.4402198234375 0.38615979375 0.4402198234375 0.3986366859375 0.448641725 0.3986366859375 0.448641725 0.38615979375 0.4402198234375 0.38615979375
2 0.45144902656249997 0.38865517031249996 0.45144902656249997 0.3998843703125 0.46548553125 0.3998843703125 0.46548553125 0.38865517031249996 0.45144902656249997 0.38865517031249996
2 0.557424625 0.3911505484375 0.557424625 0.40487512968750006 0.5686538265625 0.40487512968750006 0.5686538265625 0.3911505484375 0.557424625 0.3911505484375
2 0.547599071875 0.3911505484375 0.547599071875 0.4086181984375 0.558828275 0.4086181984375 0.558828275 0.3911505484375 0.547599071875 0.3911505484375
2 0.52514066875 0.38740748125 0.52514066875 0.40612281875 0.5426862953125 0.40612281875 0.5426862953125 0.38740748125 0.52514066875 0.38740748125
2 0.4928567109375 0.3911505484375 0.4928567109375 0.411113575 0.5089986921875 0.411113575 0.5089986921875 0.3911505484375 0.4928567109375 0.3911505484375
2 0.478118384375 0.3911505484375 0.478118384375 0.42608584531249993 0.504787740625 0.42608584531249993 0.504787740625 0.3911505484375 0.478118384375 0.3911505484375
2 0.278800040625 0.3674444578125 0.278800040625 0.4522873203125 0.3503862078125 0.4522873203125 0.3503862078125 0.3674444578125 0.278800040625 0.3674444578125