2 0.25447376718750003 0.47631056875000005 0.25447376718750003 0.5334678328125 0.294279721875 0.5334678328125 0.294279721875 0.47631056875000005 0.25447376718750003 0.47631056875000005
2 0.1917028421875 0.46270169218749996 0.1917028421875 0.54163315625 0.26289425781250003 0.54163315625 0.26289425781250003 0.46270169218749996 0.1917028421875 0.46270169218749996
2 0.12740091874999998 0.47494968125000003 0.12740091874999998 0.5620464671875001 0.209309321875 0.5620464671875001 0.209309321875 0.47494968125000003 0.12740091874999998 0.47494968125000003
2 0.0240585421875 0.4654234671875 0.0240585421875 0.5783771093750001 0.1381179078125 0.5783771093750001 0.1381179078125 0.4654234671875 0.0240585421875 0.4654234671875
2 0.4898100625 0.46406258125 0.4898100625 0.483115003125 0.5035890453125 0.483115003125 0.5035890453125 0.46406258125 0.4898100625 0.46406258125
2 0.5349745109375 0.45589725625 0.5349745109375 0.4912803265625 0.5571739828125 0.4912803265625 0.5571739828125 0.45589725625 0.5349745109375 0.45589725625
2 0.55115935625 0.4625072671875 0.55115935625 0.49108590156250004 0.5580488484374999 0.49108590156250004 0.5580488484374999 0.4625072671875 0.55115935625 0.4625072671875
2 0.554986853125 0.4557028296875 0.554986853125 0.49789033437499997 0.5672348390625 0.49789033437499997 0.5672348390625 0.4557028296875 0.554986853125 0.4557028296875
2 0.559579846875 0.45298105624999996 0.559579846875 0.51286009375 0.579482825 0.51286009375 0.579482825 0.45298105624999996 0.559579846875 0.45298105624999996
2 0.5687658359375 0.4420939578125 0.5687658359375 0.5400778421875 0.6070407906249999 0.5400778421875 0.6070407906249999 0.4420939578125 0.5687658359375 0.4420939578125
2 0.5863723140625 0.46114637968750005 0.5863723140625 0.550964940625 0.620819775 0.550964940625 0.620819775 0.46114637968750005 0.5863723140625 0.46114637968750005
2 0.5955583046874999 0.4189588765625 0.5955583046874999 0.60812220625 0.729520646875 0.60812220625 0.729520646875 0.4189588765625 0.5955583046874999 0.4189588765625
2 0.6466280234374999 0.4420939578125 0.6466280234374999 0.7224367359375 0.9398141750000001 0.7224367359375 0.9398141750000001 0.4420939578125 0.6466280234374999 0.4420939578125
2 0.3011692140625 0.46814524375 0.3011692140625 0.5184980734375 0.3501611546875 0.5184980734375 0.3501611546875 0.46814524375 0.3011692140625 0.46814524375
2 0.4692509546875 0.4654234671875 0.4692509546875 0.4885585484375 0.4914504296875 0.4885585484375 0.4914504296875 0.4654234671875 0.4692509546875 0.4654234671875
2 0.5236013921875 0.46406258125 0.5236013921875 0.4803932265625 0.538145875 0.4803932265625 0.538145875 0.46406258125 0.5236013921875 0.46406258125
2 0.35442609062499997 0.352275396875 0.35442609062499997 0.5688509015625 0.46389245937499995 0.5688509015625 0.46389245937499995 0.352275396875 0.35442609062499997 0.352275396875
2 0 0.59995688125 0.03247903125 0.59995688125 0.03247903125 0.43528951875 0 0.43528951875 0 0.59995688125