2 0.331868090625 0.39658396093750004 0.331868090625 0.4288887640625 0.3471703640625 0.4288887640625 0.3471703640625 0.39658396093750004 0.331868090625 0.39658396093750004
2 0.26587702812499997 0.39658396093750004 0.26587702812499997 0.449291796875 0.3003071453125 0.449291796875 0.3003071453125 0.39658396093750004 0.26587702812499997 0.39658396093750004
2 0.290743225 0.405085225 0.290743225 0.46629432499999995 0.3395192265625 0.46629432499999995 0.3395192265625 0.405085225 0.290743225 0.405085225
2 0.1415460421875 0.360878653125 0.1415460421875 0.5377049421875 0.285004871875 0.5377049421875 0.285004871875 0.360878653125 0.1415460421875 0.360878653125
2 0.11476706249999999 0.4135864890625 0.11476706249999999 0.4611935671875 0.1425024359375 0.4611935671875 0.1425024359375 0.4135864890625 0.11476706249999999 0.4135864890625
2 0.49477356875 0.393891903125 0.49477356875 0.5350128828125 0.6133662 0.5350128828125 0.6133662 0.393891903125 0.49477356875 0.393891903125
2 0 0.6755671234375 0.1836273 0.6755671234375 0.1836273 0.351385584375 0 0.351385584375 0 0.6755671234375
2 0.3219853734375 0.37858962812499997 0.3219853734375 0.623426028125 0.49891792968750004 0.623426028125 0.49891792968750004 0.37858962812499997 0.3219853734375 0.37858962812499997
4 0.473414134375 0.39559215625 0.473414134375 0.42789695937500005 0.4829780546875 0.42789695937500005 0.4829780546875 0.39559215625 0.473414134375 0.39559215625
4 0.4839344484375 0.39899266093749997 0.4839344484375 0.45000024375000003 0.4925419765625 0.45000024375000003 0.4925419765625 0.39899266093749997 0.4839344484375 0.39899266093749997
4 0.49923672343750003 0.3972924078125 0.49923672343750003 0.4295972109375 0.507844253125 0.4295972109375 0.507844253125 0.3972924078125 0.49923672343750003 0.3972924078125
4 0.4906291921875 0.3972924078125 0.4906291921875 0.4431992328125 0.5001931140625 0.4431992328125 0.5001931140625 0.3972924078125 0.4906291921875 0.3972924078125
4 0.5107134296875 0.39219165 0.5107134296875 0.4227962015625 0.5193209578125 0.4227962015625 0.5193209578125 0.39219165 0.5107134296875 0.39219165
4 0.6353632499999999 0.3972924078125 0.6353632499999999 0.48740580624999996 0.6602294484375 0.48740580624999996 0.6602294484375 0.3972924078125 0.6353632499999999 0.3972924078125
4 0.6535347015624999 0.3836903875 0.6535347015624999 0.48060479375 0.6726625453125 0.48060479375 0.6726625453125 0.3836903875 0.6535347015624999 0.3836903875
4 0.6707497609375 0.3819901328125 0.6707497609375 0.46870302500000005 0.6841392515625 0.46870302500000005 0.6841392515625 0.3819901328125 0.6707497609375 0.3819901328125
4 0.6850956421875 0.3751891203125 0.6850956421875 0.467002771875 0.6994415265625 0.467002771875 0.6994415265625 0.3751891203125 0.6850956421875 0.3751891203125
4 0.7606506265624999 0.3666878578125 0.7606506265624999 0.38539063906250004 0.771170940625 0.38539063906250004 0.771170940625 0.3666878578125 0.7606506265624999 0.3666878578125
4 0.7453483515625 0.3632873546875 0.7453483515625 0.40919417812500003 0.77690929375 0.40919417812500003 0.77690929375 0.3632873546875 0.7453483515625 0.3632873546875
4 0.7357844296875 0.3717886171875 0.7357844296875 0.40919417812500003 0.7501303125 0.40919417812500003 0.7501303125 0.3717886171875 0.7357844296875 0.3717886171875
4 0.7931679609375 0.3615871 0.7931679609375 0.49420681718750004 0.812295803125 0.49420681718750004 0.812295803125 0.3615871 0.7931679609375 0.3615871
4 0.5951947484375 0.37858962812499997 0.5951947484375 0.4023931671875 0.6009331015625 0.4023931671875 0.6009331015625 0.37858962812499997 0.5951947484375 0.37858962812499997
4 0.6124098078125 0.37915636875000003 0.6124098078125 0.53217911875 0.6449271421875 0.53217911875 0.6449271421875 0.37915636875000003 0.6124098078125 0.37915636875000003
4 0.6917903890625 0.3689548546875 0.6917903890625 0.48967280156250004 0.713787409375 0.48967280156250004 0.713787409375 0.3689548546875 0.6917903890625 0.3689548546875
4 0.8059198375 0.3434510609375 0.8059198375 0.51687684375 0.844175525 0.51687684375 0.844175525 0.3434510609375 0.8059198375 0.3434510609375
4 0.9665937250000001 0.33835030312500003 0.9665937250000001 0.4182621828125 0.991459921875 0.4182621828125 0.991459921875 0.33835030312500003 0.9665937250000001 0.33835030312500003